   Power SFT.R.sq  slope truncated.R.sq mean.k. median.k. max.k.
1      1    0.884  1.650          0.916  5540.0   5800.00   8070
2      2    0.197  0.315          0.563  2970.0   3030.00   5570
3      3    0.124 -0.240          0.630  1780.0   1700.00   4050
4      4    0.463 -0.561          0.801  1140.0   1020.00   3080
5      5    0.644 -0.788          0.871   775.0    639.00   2430
6      6    0.711 -0.977          0.888   547.0    413.00   1980
7      7    0.758 -1.110          0.906   398.0    276.00   1650
8      8    0.776 -1.210          0.907   297.0    189.00   1390
9      9    0.782 -1.290          0.907   227.0    132.00   1180
10    10    0.806 -1.350          0.925   176.0     93.90   1020
11    12    0.808 -1.440          0.925   111.0     49.30    777
12    14    0.837 -1.480          0.947    73.7     26.90    605
13    16    0.852 -1.510          0.961    50.6     15.10    481
14    18    0.853 -1.530          0.964    35.8      8.83    389
15    20    0.859 -1.560          0.970    26.0      5.27    320